[[ 0.          0.         -0.         -0.         -0.         -0.
  -0.         -0.         -0.         -0.         -0.         -0.
  -0.         -0.         -0.          0.19961834 -0.          0.
  -0.          0.          0.          0.         -0.         -0.
   0.         -0.         -0.          0.          0.          0.
  -0.         -0.          0.          0.         -0.          0.
  -0.         -0.          0.          0.         -0.          0.
  -0.          0.          0.         -0.         -0.         -0.
  -0.         -0.          0.         -0.          0.         -0.
   0.         -0.         -0.         -0.         -0.         -0.
  -0.         -0.         -0.          0.         -0.         -0.
  -0.         -0.         -0.         -0.          0.          0.
   0.         -0.          0.         -0.          0.         -0.
  -0.         -0.         -0.          0.          0.         -0.03335607
  -0.          0.          0.         -0.          0.         -0.
   0.         -0.          0.         -0.         -0.         -0.
  -0.         -0.          0.         -0.         -0.         -0.
  -0.          0.         -0.          0.         -0.         -0.
   0.         -0.          0.          0.        ]
 [ 0.          0.         -0.         -0.         -0.         -0.
  -0.01107988 -0.          0.         -0.09202699 -0.         -0.
  -0.         -0.         -0.          0.         -0.          0.
  -0.          0.          0.         -0.         -0.         -0.
   0.         -0.         -0.          0.          0.          0.
  -0.         -0.          0.          0.         -0.          0.
  -0.         -0.          0.          0.         -0.         -0.
  -0.         -0.         -0.         -0.          0.          0.
  -0.         -0.          0.         -0.         -0.         -0.
   0.         -0.         -0.          0.         -0.         -0.
  -0.         -0.         -0.         -0.          0.         -0.
  -0.         -0.         -0.         -0.          0.          0.
  -0.         -0.          0.         -0.          0.         -0.
  -0.         -0.         -0.          0.          0.         -0.23501773
  -0.          0.          0.         -0.          0.         -0.
   0.         -0.          0.         -0.         -0.         -0.
  -0.         -0.          0.         -0.         -0.         -0.
  -0.          0.         -0.          0.         -0.         -0.
   0.         -0.          0.          0.        ]
 [ 0.          0.         -0.         -0.         -0.         -0.
  -0.         -0.64082605 -0.         -0.         -0.         -0.
  -0.         -0.         -0.          0.1347335  -0.14985166  0.
  -0.          0.         -0.         -0.         -0.         -0.
   0.         -0.         -0.         -0.         -0.          0.
  -0.         -0.         -0.          0.         -0.          0.
  -0.         -0.          0.          0.         -0.         -0.
  -0.         -0.         -0.         -0.          0.          0.
  -0.         -0.          0.         -0.          0.         -0.
   0.         -0.         -0.          0.         -0.         -0.
  -0.         -0.         -0.         -0.         -0.         -0.
  -0.         -0.          0.         -0.          0.          0.
  -0.         -0.         -0.         -0.          0.         -0.
  -0.         -0.         -0.          0.          0.         -0.
  -0.         -0.         -0.         -0.         -0.         -0.
   0.         -0.          0.         -0.         -0.         -0.
  -0.         -0.          0.         -0.          0.          0.
  -0.          0.         -0.         -0.         -0.         -0.
   0.         -0.          0.          0.        ]
 [ 0.          0.         -0.         -0.         -0.         -0.
  -0.         -0.          0.         -0.31462424 -0.         -0.
  -0.         -0.         -0.          0.         -0.          0.
  -0.          0.         -0.         -0.         -0.         -0.
   0.         -0.         -0.          0.          0.          0.
  -0.         -0.         -0.          0.         -0.          0.
  -0.         -0.         -0.          0.         -0.         -0.
  -0.         -0.         -0.         -0.          0.          0.
  -0.         -0.          0.         -0.         -0.         -0.
   0.         -0.         -0.          0.         -0.         -0.
  -0.         -0.         -0.         -0.          0.         -0.
  -0.         -0.          0.         -0.          0.          0.
  -0.         -0.          0.         -0.          0.15371087 -0.
  -0.         -0.         -0.          0.          0.         -0.
  -0.         -0.         -0.         -0.         -0.         -0.
   0.         -0.          0.         -0.         -0.         -0.
  -0.         -0.          0.         -0.         -0.         -0.
  -0.          0.         -0.          0.         -0.         -0.
   0.         -0.          0.         -0.        ]
 [-0.          0.         -0.         -0.         -0.         -0.
  -0.         -0.62754411 -0.         -0.         -0.         -0.
  -0.         -0.         -0.          0.         -0.          0.
  -0.          0.         -0.         -0.         -0.         -0.
   0.         -0.         -0.         -0.         -0.          0.
  -0.         -0.         -0.          0.         -0.          0.
  -0.         -0.         -0.         -0.         -0.         -0.
  -0.         -0.         -0.         -0.          0.          0.
  -0.         -0.         -0.         -0.         -0.         -0.
   0.         -0.          0.          0.         -0.         -0.
  -0.         -0.         -0.         -0.          0.         -0.
  -0.         -0.          0.         -0.          0.          0.
  -0.         -0.          0.         -0.          0.         -0.
  -0.          0.         -0.          0.          0.         -0.
  -0.         -0.         -0.          0.         -0.         -0.
   0.         -0.          0.         -0.         -0.         -0.
  -0.         -0.          0.         -0.         -0.         -0.
  -0.          0.         -0.06033089  0.         -0.         -0.
   0.         -0.          0.          0.        ]]